1000
1000
70
100
85
54
132
219
116
69
186
69
0
189
0
54
69
54
100
108
148
54
69
115
0
117
0
123
0
198
231
131
85
133
100
77
148
85
61
54
78
146
131
54
131
0
142
109
85
0
54
156
54
85
85
0
131
85
61
221
78
175
206
160
54
61
155
100
61
123
139
100
115
115
92
146
115
61
69
154
92
124
0
0
54
85
0
0
0
61
61
146
0
0
0
0
0
101
140
116
61
109
54
147
85
138
87
85
0
69
0
61
118
54
123
0
108
166
221
124
0
85
84
0
85
124
157
164
54
0
54
0
140
131
102
109
0
77
69
146
127
85
115
100
85
85
0
61
115
92
140
127
109
0
253
84
84
140
143
69
54
84
0
135
85
123
140
0
171
102
102
0
141
84
0
0
69
85
204
0
84
0
0
127
124
85
141
69
61
101
0
240
131
69
115
123
123
61
131
85
92
0
127
0
131
243
69
132
84
132
0
148
135
109
86
0
177
146
0
85
125
61
85
61
85
69
78
69
117
195
0
0
92
295
70
92
84
86
0
100
85
85
84
148
100
84
115
84
131
0
0
0
93
85
0
131
131
193
0
70
0
102
54
86
109
0
84
54
0
186
0
166
175
69
0
100
0
151
92
0
0
100
0
61
0
85
0
85
116
123
140
166
100
100
197
0
0
180
92
124
84
61
77
128
0
92
139
188
95
238
0
164
85
0
0
84
115
61
0
92
0
54
191
109
164
61
181
0
0
108
151
0
54
84
54
116
132
0
100
118
125
61
54
0
0
115
61
101
141
182
0
0
0
100
85
247
54
109
0
171
102
0
115
164
70
0
195
124
0
162
0
0
0
100
69
0
61
101
0
54
77
54
116
115
61
85
150
85
115
0
61
0
61
0
124
0
92
146
117
0
115
148
102
54
118
54
173
0
208
85
141
84
69
0
54
133
69
0
0
0
0
0
92
0
0
84
131
85
115
54
0
84
124
0
101
102
0
0
0
54
61
115
85
115
127
54
0
126
146
54
116
109
0
131
61
69
131
164
92
54
0
69
69
125
92
0
211
69
0
84
124
131
109
100
100
69
61
54
85
0
0
54
54
0
85
108
100
0
69
127
69
100
100
54
0
131
0
109
0
132
173
133
0
84
146
61
92
84
267
54
0
123
166
132
0
54
69
158
100
84
85
117
117
92
61
0
85
0
0
69
148
132
148
108
0
226
85
0
170
0
0
54
0
125
92
224
85
69
0
180
69
92
0
0
85
85
69
109
177
155
100
140
100
84
123
182
100
0
142
0
0
140
54
174
69
0
109
92
0
84
173
70
149
183
0
123
157
54
0
115
171
85
239
157
102
70
108
127
0
69
85
0
123
142
0
100
0
0
0
131
155
86
54
0
156
92
0
115
85
0
148
54
115
54
131
212
61
100
123
92
69
0
126
100
0
0
115
93
0
140
54
171
85
131
146
0
0
207
0
70
69
85
116
69
92
0
125
0
92
109
69
123
69
85
0
0
102
180
0
61
77
109
115
115
0
125
54
100
115
108
158
0
0
85
0
0
164
0
123
70
204
84
85
70
0
133
85
109
77
133
54
131
54
69
85
0
92
0
228
85
92
173
115
84
246
100
85
149
155
0
54
158
131
84
0
158
109
0
0
85
235
92
0
0
0
85
92
0
61
69
69
92
237
191
54
100
61
0
0
125
78
126
54
92
0
131
146
54
85
120
115
54
148
54
140
127
0
84
54
109
100
164
84
70
69
100
0
198
0
116
69
142
100
0
92
92
0
61
61
77
155
155
0
140
0
69
85
109
69
54
196
100
77
92
0
0
54
101
78
189
100
69
54
269
0
85
54
125
92
0
101
0
124
0
0
101
84
246
109
102
92
54
131
166
92
155
100
0
69
78
0
61
0
0
118
0
92
0
115
213
109
101
0
108
69
189
61
77
0
172
100
145
101
140
115
115
102
115
54
0
0
92
54
69
0
61
85
100
0
0
84
85
115
69
0
61
69
84
69
0
117
84
0
132
0
175
85
54
140
85
180
139
54
0
235
85
150
77
142
100
100
69
179
249
148
61
84
92
0
54
115
146
85
92
0
69
61
0
100
124
54
54
0
116
195
54
109
253
115
100
85
0
85
0
84
102
124
0
54
140
100
0
206
0
124
54
109
85
0
92
0
85
132
92
115
0
78
204
176
84
0
54
78
0
54
85
54
84
0
69
0
77
101
85
180
61
0
0
0
0
0
100
0
124
0
0
69
154
54
116
0
100
